2.301718950271606445e+00 2.302185058593750000e+00 8.333333581686019897e-02 1.875000000000000000e-01
2.300824642181396484e+00 2.301767349243164062e+00 8.333333581686019897e-02 1.875000000000000000e-01
2.299903154373168945e+00 2.301328182220458984e+00 8.333333581686019897e-02 1.875000000000000000e-01
2.298944234848022461e+00 2.300867557525634766e+00 8.333333581686019897e-02 1.875000000000000000e-01
2.297934770584106445e+00 2.300375938415527344e+00 8.333333581686019897e-02 1.875000000000000000e-01
2.296808242797851562e+00 2.299818992614746094e+00 8.333333581686019897e-02 1.875000000000000000e-01
2.295440435409545898e+00 2.299124717712402344e+00 8.333333581686019897e-02 1.875000000000000000e-01
2.293626546859741211e+00 2.298188209533691406e+00 8.333333581686019897e-02 1.875000000000000000e-01
2.291063547134399414e+00 2.296846389770507812e+00 8.333333581686019897e-02 1.875000000000000000e-01
2.287128210067749023e+00 2.294787883758544922e+00 8.333333581686019897e-02 1.875000000000000000e-01
2.281007051467895508e+00 2.291603803634643555e+00 8.333333581686019897e-02 1.875000000000000000e-01
2.271837234497070312e+00 2.286836147308349609e+00 8.333333581686019897e-02 1.875000000000000000e-01
2.258007049560546875e+00 2.279584646224975586e+00 0.000000000000000000e+00 1.875000000000000000e-01
2.238602876663208008e+00 2.269267559051513672e+00 8.333333581686019897e-02 2.343750000000000000e-01
2.214487791061401367e+00 2.255758047103881836e+00 1.666666716337203979e-01 1.718750000000000000e-01
2.189428567886352539e+00 2.239863395690917969e+00 1.666666716337203979e-01 1.562500000000000000e-01
2.169731140136718750e+00 2.224548578262329102e+00 1.666666716337203979e-01 1.406250000000000000e-01
2.166999101638793945e+00 2.215620994567871094e+00 1.666666716337203979e-01 1.406250000000000000e-01
2.183231830596923828e+00 2.217057228088378906e+00 1.666666716337203979e-01 1.406250000000000000e-01
2.204062700271606445e+00 2.223778724670410156e+00 1.666666716337203979e-01 1.406250000000000000e-01
2.208853244781494141e+00 2.224536895751953125e+00 1.666666716337203979e-01 1.406250000000000000e-01
2.194792985916137695e+00 2.218173027038574219e+00 1.666666716337203979e-01 1.406250000000000000e-01
2.178064107894897461e+00 2.211332321166992188e+00 1.666666716337203979e-01 1.406250000000000000e-01
2.162179708480834961e+00 2.205613136291503906e+00 1.666666716337203979e-01 1.406250000000000000e-01
2.153443574905395508e+00 2.203099489212036133e+00 1.666666716337203979e-01 1.406250000000000000e-01
2.149094104766845703e+00 2.203141927719116211e+00 1.666666716337203979e-01 1.406250000000000000e-01
2.149235010147094727e+00 2.204581975936889648e+00 1.666666716337203979e-01 1.406250000000000000e-01
2.151190042495727539e+00 2.205447435379028320e+00 1.666666716337203979e-01 1.406250000000000000e-01
2.153112649917602539e+00 2.205021858215332031e+00 1.666666716337203979e-01 1.406250000000000000e-01
2.155092477798461914e+00 2.203394889831542969e+00 1.666666716337203979e-01 1.406250000000000000e-01
2.156070947647094727e+00 2.200078248977661133e+00 1.666666716337203979e-01 1.406250000000000000e-01
2.157886505126953125e+00 2.195983171463012695e+00 1.666666716337203979e-01 1.406250000000000000e-01
2.161330938339233398e+00 2.191803932189941406e+00 1.666666716337203979e-01 1.406250000000000000e-01
2.167735338211059570e+00 2.187892436981201172e+00 1.666666716337203979e-01 1.406250000000000000e-01
2.179438114166259766e+00 2.184579849243164062e+00 1.666666716337203979e-01 1.406250000000000000e-01
2.196767807006835938e+00 2.182809352874755859e+00 1.666666716337203979e-01 1.406250000000000000e-01
2.217278480529785156e+00 2.182386875152587891e+00 1.666666716337203979e-01 1.406250000000000000e-01
2.231881856918334961e+00 2.181514739990234375e+00 1.666666716337203979e-01 1.406250000000000000e-01
2.236832380294799805e+00 2.178729772567749023e+00 1.666666716337203979e-01 1.406250000000000000e-01
2.231147050857543945e+00 2.174606323242187500e+00 1.666666716337203979e-01 1.406250000000000000e-01
2.220185995101928711e+00 2.170530319213867188e+00 1.666666716337203979e-01 1.406250000000000000e-01
2.213155031204223633e+00 2.167773246765136719e+00 1.666666716337203979e-01 1.406250000000000000e-01
2.207072257995605469e+00 2.166059017181396484e+00 1.666666716337203979e-01 1.406250000000000000e-01
2.203317403793334961e+00 2.165041446685791016e+00 1.666666716337203979e-01 1.718750000000000000e-01
2.201750516891479492e+00 2.164081573486328125e+00 8.333333581686019897e-02 1.875000000000000000e-01
2.203190088272094727e+00 2.162142753601074219e+00 8.333333581686019897e-02 2.187500000000000000e-01
2.206377983093261719e+00 2.159580707550048828e+00 0.000000000000000000e+00 2.187500000000000000e-01
2.212650537490844727e+00 2.156014919281005859e+00 0.000000000000000000e+00 2.031250000000000000e-01
2.222842931747436523e+00 2.151940822601318359e+00 0.000000000000000000e+00 2.031250000000000000e-01
2.235334157943725586e+00 2.148257732391357422e+00 0.000000000000000000e+00 2.031250000000000000e-01
2.245271444320678711e+00 2.145179033279418945e+00 0.000000000000000000e+00 1.875000000000000000e-01
2.253568887710571289e+00 2.142425060272216797e+00 0.000000000000000000e+00 1.875000000000000000e-01
2.258435249328613281e+00 2.139804601669311523e+00 8.333333581686019897e-02 1.875000000000000000e-01
2.261651992797851562e+00 2.137149095535278320e+00 8.333333581686019897e-02 1.875000000000000000e-01
2.265823841094970703e+00 2.134383678436279297e+00 8.333333581686019897e-02 2.031250000000000000e-01
2.270469188690185547e+00 2.131517887115478516e+00 8.333333581686019897e-02 2.031250000000000000e-01
2.274415254592895508e+00 2.128740787506103516e+00 8.333333581686019897e-02 2.031250000000000000e-01
2.275604963302612305e+00 2.125928401947021484e+00 8.333333581686019897e-02 1.875000000000000000e-01
2.273801088333129883e+00 2.122932910919189453e+00 8.333333581686019897e-02 1.875000000000000000e-01
2.268989801406860352e+00 2.120012760162353516e+00 8.333333581686019897e-02 1.875000000000000000e-01
2.267026185989379883e+00 2.116938114166259766e+00 8.333333581686019897e-02 1.875000000000000000e-01
2.263691425323486328e+00 2.113941907882690430e+00 8.333333581686019897e-02 1.875000000000000000e-01
2.264554977416992188e+00 2.110598564147949219e+00 0.000000000000000000e+00 1.875000000000000000e-01
2.270416975021362305e+00 2.106833457946777344e+00 0.000000000000000000e+00 1.875000000000000000e-01
2.273401498794555664e+00 2.103221178054809570e+00 0.000000000000000000e+00 2.031250000000000000e-01
2.278430223464965820e+00 2.099228858947753906e+00 0.000000000000000000e+00 2.187500000000000000e-01
2.287113904953002930e+00 2.094873428344726562e+00 0.000000000000000000e+00 2.187500000000000000e-01
2.298962831497192383e+00 2.090252876281738281e+00 0.000000000000000000e+00 2.187500000000000000e-01
2.308655023574829102e+00 2.085486412048339844e+00 0.000000000000000000e+00 2.187500000000000000e-01
2.314105987548828125e+00 2.080545663833618164e+00 0.000000000000000000e+00 2.031250000000000000e-01
2.312504529953002930e+00 2.075485944747924805e+00 0.000000000000000000e+00 2.187500000000000000e-01
2.320500612258911133e+00 2.069999217987060547e+00 0.000000000000000000e+00 2.187500000000000000e-01
2.336229562759399414e+00 2.064167976379394531e+00 0.000000000000000000e+00 2.187500000000000000e-01
2.355042457580566406e+00 2.058331727981567383e+00 0.000000000000000000e+00 2.187500000000000000e-01
2.358923912048339844e+00 2.052368879318237305e+00 0.000000000000000000e+00 2.343750000000000000e-01
2.364052295684814453e+00 2.046086311340332031e+00 8.333333581686019897e-02 2.500000000000000000e-01
2.359698057174682617e+00 2.039887428283691406e+00 8.333333581686019897e-02 2.500000000000000000e-01
2.356360435485839844e+00 2.033414363861083984e+00 8.333333581686019897e-02 2.656250000000000000e-01
2.342428207397460938e+00 2.027997970581054688e+00 8.333333581686019897e-02 2.656250000000000000e-01
2.345613956451416016e+00 2.020781040191650391e+00 8.333333581686019897e-02 2.812500000000000000e-01
2.359607696533203125e+00 2.011677026748657227e+00 0.000000000000000000e+00 2.812500000000000000e-01
2.387384653091430664e+00 2.000447511672973633e+00 0.000000000000000000e+00 2.968750000000000000e-01
2.423206806182861328e+00 1.988590240478515625e+00 8.333333581686019897e-02 2.812500000000000000e-01
2.454486608505249023e+00 1.976808786392211914e+00 8.333333581686019897e-02 2.968750000000000000e-01
2.480702400207519531e+00 1.964841246604919434e+00 8.333333581686019897e-02 3.125000000000000000e-01
2.521136999130249023e+00 1.951625704765319824e+00 8.333333581686019897e-02 3.125000000000000000e-01
2.544931411743164062e+00 1.938056111335754395e+00 8.333333581686019897e-02 3.125000000000000000e-01
2.559052705764770508e+00 1.924284219741821289e+00 8.333333581686019897e-02 3.125000000000000000e-01
2.569511651992797852e+00 1.910573959350585938e+00 8.333333581686019897e-02 3.125000000000000000e-01
2.589123249053955078e+00 1.896531462669372559e+00 8.333333581686019897e-02 3.281250000000000000e-01
2.628318548202514648e+00 1.880828142166137695e+00 8.333333581686019897e-02 3.437500000000000000e-01
2.675486564636230469e+00 1.864237427711486816e+00 8.333333581686019897e-02 3.437500000000000000e-01
2.702669143676757812e+00 1.848716735839843750e+00 8.333333581686019897e-02 3.437500000000000000e-01
2.757376432418823242e+00 1.830966949462890625e+00 8.333333581686019897e-02 3.437500000000000000e-01
2.791093826293945312e+00 1.814526081085205078e+00 8.333333581686019897e-02 3.437500000000000000e-01
2.834469556808471680e+00 1.797433614730834961e+00 8.333333581686019897e-02 3.593750000000000000e-01
2.869481086730957031e+00 1.779217004776000977e+00 8.333333581686019897e-02 3.593750000000000000e-01
2.901357889175415039e+00 1.759991168975830078e+00 8.333333581686019897e-02 3.750000000000000000e-01
2.933276891708374023e+00 1.741136312484741211e+00 8.333333581686019897e-02 3.750000000000000000e-01
2.958290100097656250e+00 1.721462965011596680e+00 8.333333581686019897e-02 3.750000000000000000e-01
