1.864507415262858014e+00 1.865885915733786149e+00 2.946666666269302515e-01 2.888705882352941012e-01
1.690175696309407449e+00 1.690954883945689380e+00 3.734666667461395417e-01 3.695294117647058840e-01
1.597546793047587066e+00 1.595865354874554720e+00 4.205333333969116238e-01 4.116470588235294215e-01
1.510213587061564056e+00 1.505750189467037314e+00 4.449333333651224742e-01 4.423058823529411598e-01
1.475508882395426324e+00 1.459937610031576627e+00 4.625333332538604791e-01 4.598352941176470643e-01
1.410530210558573305e+00 1.386712289260415565e+00 4.874666666984557861e-01 4.884470588235294009e-01
1.398300335184733179e+00 1.372522518371133149e+00 5.013333333492279165e-01 5.061411764705882055e-01
1.349921117719014463e+00 1.319646165556066286e+00 5.152000002861022443e-01 5.224235294117647310e-01
1.315301932843526256e+00 1.273649530029296928e+00 5.338666667779287112e-01 5.397411764705882797e-01
1.302298022905985508e+00 1.256517162603490556e+00 5.393333333333333313e-01 5.447529411764705509e-01
1.266789867846171092e+00 1.217248595944572909e+00 5.532000001907348974e-01 5.608470588235293652e-01
1.249464808972676533e+00 1.196302769015817002e+00 5.620000000953674357e-01 5.716470588235293970e-01
1.223787379582722989e+00 1.165169506328246118e+00 5.681333335240682514e-01 5.845647058823529862e-01
1.214285784784952860e+00 1.152767290311701220e+00 5.705333336194355898e-01 5.824235294117646733e-01
1.202579403050740625e+00 1.139439224680732332e+00 5.787999999999999812e-01 5.930588235294117494e-01
1.202318909136454339e+00 1.127324832276737077e+00 5.806666669527689173e-01 5.932705882352941051e-01
1.195939809544881216e+00 1.120288077791999459e+00 5.806666669527689173e-01 5.975529411764706200e-01
1.199158287366231201e+00 1.123043408483617389e+00 5.862666667620340943e-01 6.008000000000000007e-01
1.170826432800292860e+00 1.086335610973133692e+00 5.914666668574015684e-01 6.130117647058823671e-01
1.190491357866922950e+00 1.101658119846792738e+00 5.865333331108093518e-01 6.032235294117647140e-01
1.192525774256388393e+00 1.099064036245906983e+00 5.847999997774759873e-01 6.041176470588235370e-01
1.158116971778869519e+00 1.062417948189903649e+00 5.953333336194356340e-01 6.211529411764705744e-01
1.164725907007853278e+00 1.065259424815458322e+00 5.978666666666666574e-01 6.171294117647059263e-01
1.160035854276021405e+00 1.057000357291277615e+00 5.925333331108093571e-01 6.230352941176470205e-01
1.138433041572570747e+00 1.035809395554486478e+00 6.057333336194355988e-01 6.328235294117646736e-01
1.131520637003580632e+00 1.029556901224921717e+00 6.047999997774760050e-01 6.297176470588234931e-01
1.140037321345011456e+00 1.035073561073752035e+00 6.007999997774760015e-01 6.297176470588234931e-01
1.133515363947550370e+00 1.020082222388772442e+00 6.045333336194356200e-01 6.379058823529412114e-01
1.168011625607808357e+00 1.054511796345430241e+00 5.894666665395100758e-01 6.226588235294118201e-01
1.141418845876057908e+00 1.023528466788460323e+00 6.058666664441426652e-01 6.334117647058823408e-01
1.121617470868428557e+00 9.987457230063045976e-01 6.136000002861022873e-01 6.475999999999999535e-01
1.111630944124857523e+00 9.851722145192763902e-01 6.134666668574014770e-01 6.471764705882352420e-01
1.129631240399678438e+00 1.002985487780851503e+00 6.081333332061767960e-01 6.423999999999999710e-01
1.115721442159016918e+00 9.927591405195348440e-01 6.100000002861022397e-01 6.494588235294117551e-01
1.124584616025288808e+00 9.904008564331951980e-01 6.138666664441426724e-01 6.532470588235294029e-01
1.141382591883341568e+00 9.999310208601109862e-01 6.007999997774760015e-01 6.410588235294117920e-01
1.128600245602925600e+00 9.931097524306353730e-01 6.105333336194356253e-01 6.456941176470588628e-01
1.100899216906229716e+00 9.601020220700432484e-01 6.180000000635782476e-01 6.608705882352940986e-01
1.121101922988891664e+00 9.786142001039841443e-01 6.107999998728433910e-01 6.516235294117647125e-01
1.106080611038207984e+00 9.560693281173705538e-01 6.162666668256123748e-01 6.601647058823529868e-01
1.114702555274963425e+00 9.707388178039999538e-01 6.121333334287007988e-01 6.513882352941176013e-01
1.115770598920186263e+00 9.747977008426890189e-01 6.095999997774760315e-01 6.512705882352941567e-01
1.141843670209248929e+00 9.903514992657829197e-01 6.124000001907348167e-01 6.469411764705882417e-01
1.100109600512186647e+00 9.491655263451969082e-01 6.138666664441426724e-01 6.652235294117646580e-01
1.105702659606933702e+00 9.492210006938260891e-01 6.165333333969116314e-01 6.645882352941177018e-01
1.102955394808451395e+00 9.381134000385509264e-01 6.220000000635782511e-01 6.677176470588235269e-01
1.096957055981953921e+00 9.399448614485123032e-01 6.240000000635782529e-01 6.684941176470587942e-01
1.095730161094665478e+00 9.300239552553962730e-01 6.167999998728433964e-01 6.712470588235294189e-01
1.095845637448628729e+00 9.349133963949539661e-01 6.194666666348774831e-01 6.686588235294117499e-01
1.096585070355733160e+00 9.349720708510455003e-01 6.180000000635782476e-01 6.679764705882352827e-01
1.118696920776367287e+00 9.519622125289018966e-01 6.178666669209798012e-01 6.614352941176470102e-01
1.092718169466654565e+00 9.145095616733326382e-01 6.249333333015442138e-01 6.765411764705882014e-01
1.087796877543131480e+00 9.204059711905087093e-01 6.235999997774760439e-01 6.755058823529411782e-01
1.091195791053771957e+00 9.192706147810991713e-01 6.227999998728434017e-01 6.729176470588235093e-01
1.083218064244588108e+00 9.143451220792883083e-01 6.186666666348775712e-01 6.726823529411765090e-01
1.094067917696635028e+00 9.224179841209860786e-01 6.178666667302449289e-01 6.727764705882353091e-01
1.089816709899902314e+00 9.155752477758071217e-01 6.236000000635782969e-01 6.743058823529411994e-01
1.086918497467040945e+00 9.132776228904724292e-01 6.269333333969115962e-01 6.715529411764705747e-01
1.109449225171406983e+00 9.320629522267509515e-01 6.166666666348775694e-01 6.666352941176471036e-01
1.096740592829386296e+00 9.224742862701416080e-01 6.214666664123534856e-01 6.699529411764706399e-01
1.080761841901143328e+00 9.001446002174826599e-01 6.235999999682108053e-01 6.774117647058823799e-01
1.093122388966878189e+00 9.162892362258013845e-01 6.197333332061767397e-01 6.740941176470588436e-01
1.087963310750325485e+00 9.013725251758799573e-01 6.231999999682108493e-01 6.792470588235294260e-01
1.095246624692281179e+00 9.258689501874587391e-01 6.226666665395100830e-01 6.696235294117647285e-01
1.091843295160929372e+00 9.117762725942275548e-01 6.180000000635782476e-01 6.799058823529411377e-01
1.081665180015563887e+00 8.907239818797392239e-01 6.306666668574015810e-01 6.835999999999999854e-01
1.083619128227233830e+00 8.946229172145618858e-01 6.293333331108093009e-01 6.817176470588235393e-01
1.085019840049743722e+00 9.028623071894925634e-01 6.234666667302449783e-01 6.772000000000000242e-01
1.091149489275614393e+00 8.895782456566305729e-01 6.253333333015441697e-01 6.828705882352941181e-01
1.083280626169840444e+00 8.847814910888671669e-01 6.282666664441426407e-01 6.868705882352941217e-01
1.084544777488708478e+00 8.833935655401033982e-01 6.276000001589456812e-01 6.864705882352941657e-01
1.081854931322733471e+00 8.842589820356929753e-01 6.293333333969116650e-01 6.856235294117647427e-01
1.088917120615641165e+00 8.831448500156402481e-01 6.257333331108093644e-01 6.830588235294117183e-01
1.084449572436014808e+00 8.851401254036846966e-01 6.306666667302449625e-01 6.869647058823529218e-01
1.090227171389261951e+00 8.898856830821317843e-01 6.231999998728434687e-01 6.871529411764706330e-01
1.069660263697306268e+00 8.654127312828512331e-01 6.321333333015441980e-01 6.917176470588235482e-01
1.080180896695454917e+00 8.770663634861216584e-01 6.286666665395100884e-01 6.943764705882352617e-01
1.076709569867452032e+00 8.796076653087839814e-01 6.274666666348774902e-01 6.887294117647059233e-01
1.083081352869669667e+00 8.905131421334603337e-01 6.249333332697550869e-01 6.823058823529412065e-01
1.076528506215413517e+00 8.797893590814926945e-01 6.285333331743876428e-01 6.903764705882352581e-01
1.066843406232198088e+00 8.565965727637795402e-01 6.322666667302450083e-01 6.982117647058823096e-01
1.075062709108988379e+00 8.664838031768798965e-01 6.317333333015442420e-01 6.900470588235294578e-01
1.076319756317138721e+00 8.715247546981362836e-01 6.310666668256124101e-01 6.925882352941176157e-01
1.079561620966593471e+00 8.657978049334357218e-01 6.335999999364216873e-01 6.924705882352941710e-01
1.093074121348063255e+00 8.803303547129911477e-01 6.314666664123534945e-01 6.889647058823529235e-01
1.080855757395426497e+00 8.772012822095085482e-01 6.296000000635783023e-01 6.883529411764706119e-01
1.090001249186197896e+00 8.802089875950532827e-01 6.255999999682108070e-01 6.853647058823529870e-01
1.079234987513224331e+00 8.659640434994416713e-01 6.321333331108093256e-01 6.967529411764705749e-01
1.095115624300638801e+00 8.734824959923239707e-01 6.266666664123534680e-01 6.899999999999999467e-01
1.074066962305704642e+00 8.454227469556472307e-01 6.313333334922790474e-01 7.000235294117647111e-01
1.099998900477091368e+00 8.892513612747192653e-01 6.207999999682108916e-01 6.804705882352941604e-01
1.066802019437154136e+00 8.490538346122292745e-01 6.363999997456868396e-01 7.008235294117647340e-01
1.086884447797139552e+00 8.666816086011774889e-01 6.303999997774759612e-01 6.885411764705882121e-01
1.104826359494527122e+00 8.925168791602640095e-01 6.225333333015441450e-01 6.846352941176470086e-01
1.112925341288248715e+00 8.941241989584529648e-01 6.211999997456868483e-01 6.865411764705882103e-01
1.079500664838155100e+00 8.534505768271053450e-01 6.306666666348774708e-01 6.988235294117647323e-01
1.100944434165954666e+00 8.722332180920768785e-01 6.274666664123534909e-01 6.894588235294117906e-01
1.089445694605509329e+00 8.614036081033594749e-01 6.287999999682108987e-01 6.964941176470588191e-01
1.074019966061910081e+00 8.502417436487534896e-01 6.314666667302449854e-01 7.003058823529412225e-01
1.080977548853556236e+00 8.455919004636652803e-01 6.273333332061767909e-01 6.991529411764706436e-01
