1.891805497550964388e+00 1.895212230469198733e+00 2.998666666984557971e-01 3.012705882352941233e-01
1.689294470723470054e+00 1.690442924319996543e+00 3.650666667938232690e-01 3.722588235294117531e-01
1.592387699254353750e+00 1.593419939871395297e+00 4.099999999205271584e-01 4.148705882352941021e-01
1.515821716435750366e+00 1.511491514099345457e+00 4.365333335240682011e-01 4.375529411764705889e-01
1.455826845550537207e+00 1.445504928701064173e+00 4.604000001112620311e-01 4.627764705882352891e-01
1.412581485112508028e+00 1.401232612273272338e+00 4.938666667779286756e-01 4.993411764705882327e-01
1.364613972727457769e+00 1.342960786376280025e+00 5.075999998728434326e-01 5.152235294117647468e-01
1.348767498397827058e+00 1.321325291420431647e+00 5.094666669527689873e-01 5.181882352941176162e-01
1.335813481076558507e+00 1.299285863887562398e+00 5.115999997774759445e-01 5.323999999999999844e-01
1.297290830930074135e+00 1.251452687678617615e+00 5.297333333333332783e-01 5.504705882352941559e-01
1.265634908930460600e+00 1.210862081482831254e+00 5.414666666348775248e-01 5.616941176470587882e-01
1.237165985043843675e+00 1.178235815093096495e+00 5.525333333015441939e-01 5.708941176470587742e-01
1.244401603253682431e+00 1.187737518198349829e+00 5.500000000317891713e-01 5.721647058823529086e-01
1.213991703669230038e+00 1.137558884901158862e+00 5.661333333015441394e-01 5.929176470588235492e-01
1.194482114219665547e+00 1.111287131006577500e+00 5.718666668256123797e-01 5.978117647058823758e-01
1.207952154413858947e+00 1.116708948314891092e+00 5.602666665395100720e-01 5.954117647058823071e-01
1.216027789306640683e+00 1.126005197345509190e+00 5.639999997774759466e-01 5.993647058823529106e-01
1.173749586995442629e+00 1.079941421710743699e+00 5.792000001589456826e-01 6.136705882352940788e-01
1.163955465062459282e+00 1.071041714814130019e+00 5.874666669209798187e-01 6.207529411764706184e-01
1.155756171480814665e+00 1.049252851766698580e+00 5.861333330790201579e-01 6.263058823529411567e-01
1.166160259819030820e+00 1.050081719757528953e+00 5.880000002543132043e-01 6.320000000000000062e-01
1.179543010266622005e+00 1.059827913452597192e+00 5.753333336194356162e-01 6.169882352941176151e-01
1.168395195643107121e+00 1.047405167742336607e+00 5.866666664123535435e-01 6.268000000000000238e-01
1.148491888618469181e+00 1.024266141308055156e+00 5.930666666030883771e-01 6.359058823529412097e-01
1.144085712877909389e+00 1.004658636811200267e+00 5.949333331743875686e-01 6.412705882352941478e-01
1.130749555969238207e+00 9.959467167686013589e-01 6.021333335876465354e-01 6.507529411764705340e-01
1.150668576494852768e+00 1.022374298342536569e+00 5.908000001271566104e-01 6.362352941176470100e-01
1.119885359954833959e+00 9.740262336254119635e-01 6.004000000317891717e-01 6.503764705882353336e-01
1.133827013397216810e+00 9.820786130119772972e-01 5.982666669209798505e-01 6.456705882352941073e-01
1.120472512817382915e+00 9.769579983430750625e-01 6.031999997456868323e-01 6.555529411764705605e-01
1.130774120457967102e+00 9.846861525703879403e-01 6.007999997456868746e-01 6.488000000000000433e-01
1.114707253456115765e+00 9.637882607740514418e-01 6.078666668256124117e-01 6.532941176470588029e-01
1.131333272806803292e+00 9.730751555723302637e-01 6.041333332697550462e-01 6.496941176470588664e-01
1.107466566117604634e+00 9.490006631514605884e-01 6.022666664123534908e-01 6.593647058823529639e-01
1.103530955886840914e+00 9.446717931410845148e-01 6.113333334604899028e-01 6.632941176470588118e-01
1.094019074630737220e+00 9.282556376962101119e-01 6.138666666030884178e-01 6.698117647058823287e-01
1.119236907577514595e+00 9.506194841721478106e-01 6.021333335876465354e-01 6.583058823529411852e-01
1.100607348187764511e+00 9.289392458747415260e-01 6.124000000317891823e-01 6.735999999999999766e-01
1.102015790971120124e+00 9.227689849909613828e-01 6.089333333651224534e-01 6.746588235294117553e-01
1.091176215108235592e+00 9.125707639189327702e-01 6.143999999364216924e-01 6.735058823529411764e-01
1.143513688532511452e+00 9.642816291079802093e-01 5.968000001589457426e-01 6.540235294117646703e-01
1.122285601647694975e+00 9.364095655258963813e-01 6.107999999364217558e-01 6.671764705882352597e-01
1.081718489329020150e+00 8.949362551913542241e-01 6.231999999364217224e-01 6.805411764705882049e-01
1.126105775388081875e+00 9.429692224811104806e-01 6.019999998410542341e-01 6.669411764705882595e-01
1.088676389408111511e+00 8.908146523363450475e-01 6.155999997456867989e-01 6.859529411764705431e-01
1.083577641868591401e+00 8.920702446432674515e-01 6.157333331743876093e-01 6.860235294117646987e-01
1.100552483844757123e+00 9.064710744170582091e-01 6.090666664123535190e-01 6.761411764705882455e-01
1.091870488293965602e+00 8.950695773994221671e-01 6.111999998410543311e-01 6.797176470588235375e-01
1.088431711896260534e+00 8.871603626363417927e-01 6.166666664123535702e-01 6.883764705882352564e-01
1.107253327242533336e+00 9.001957331713508204e-01 6.072000001589457074e-01 6.786588235294117588e-01
1.098609858099619530e+00 8.818967149846693721e-01 6.187999997456868906e-01 6.883294117647058563e-01
1.094131808662414551e+00 8.832827116124770672e-01 6.141333332697550551e-01 6.847764705882353198e-01
1.079906812381744352e+00 8.676026568581076681e-01 6.147999998410542677e-01 6.909882352941176809e-01
1.114199071439107236e+00 9.009956192801980013e-01 6.070666668891906426e-01 6.756470588235293784e-01
1.114223009808858134e+00 9.108945742775411691e-01 6.037333331743875986e-01 6.741647058823528882e-01
1.113721694819132413e+00 8.939635639863855454e-01 6.075999999364216642e-01 6.804941176470588049e-01
1.087455621274312279e+00 8.620280279383939481e-01 6.140000002543131163e-01 6.926588235294117712e-01
1.109965704154968202e+00 8.940214915499967718e-01 6.119999999364217347e-01 6.825882352941176068e-01
1.107457957140604687e+00 8.773811695715960646e-01 6.126666664123535666e-01 6.847999999999999643e-01
1.072571617444356251e+00 8.430259961745317776e-01 6.178666665077209297e-01 6.994352941176470440e-01
1.080955083338419609e+00 8.400104060790117844e-01 6.231999999364217224e-01 7.042823529411764705e-01
1.099642364311218312e+00 8.635085847798515957e-01 6.138666664123535455e-01 6.934823529411764387e-01
1.075993123435974086e+00 8.418677400925580478e-01 6.166666665077209508e-01 7.039999999999999591e-01
1.097362857945760162e+00 8.563178051499759080e-01 6.186666664123534609e-01 6.932941176470588385e-01
1.083273355801900317e+00 8.505951252769021753e-01 6.185333331743876339e-01 6.959999999999999520e-01
1.084883165327708010e+00 8.259502407017875747e-01 6.192000000317890995e-01 7.059529411764705609e-01
1.078291846815744970e+00 8.299205206141752056e-01 6.194666666984558479e-01 7.079764705882353182e-01
1.091403410085042269e+00 8.404130200778736626e-01 6.225333331743876375e-01 6.986588235294117766e-01
1.093393137836456308e+00 8.334571840005762233e-01 6.190666666984557809e-01 7.018117647058823572e-01
1.083045835208892749e+00 8.247135796126197071e-01 6.204000001271565701e-01 7.096705882352941641e-01
1.088048310979207400e+00 8.287992917565738527e-01 6.161333331743875652e-01 6.990117647058823325e-01
1.090310442320505668e+00 8.352308415917789608e-01 6.081333332697550498e-01 6.990117647058823325e-01
1.092601698748270733e+00 8.365561795823713842e-01 6.165333331743876322e-01 7.040235294117647147e-01
1.083188149038950554e+00 8.207032832818872414e-01 6.182666664123535050e-01 7.068705882352941394e-01
1.098184085210164307e+00 8.304537510367000497e-01 6.221333331743875705e-01 7.013647058823528901e-01
1.092120852915446028e+00 8.224507797914393237e-01 6.153333334922790332e-01 7.096941176470588086e-01
1.101468097019195458e+00 8.400462214862599586e-01 6.134666665077209702e-01 7.006117647058823783e-01
1.078697691663106362e+00 8.106784654000226409e-01 6.217333331743876146e-01 7.128941176470587893e-01
1.095908326403300048e+00 8.242967128080480599e-01 6.162666669209798664e-01 7.036000000000000032e-01
1.090330651601155498e+00 8.103467210994047543e-01 6.191999997456868465e-01 7.118352941176470106e-01
1.083767924054463760e+00 8.103498672260958102e-01 6.168000002543131410e-01 7.074117647058824065e-01
1.102259709390004394e+00 8.228673511729520662e-01 6.126666664123535666e-01 7.071058823529411397e-01
1.091662627315521217e+00 8.138757817661060878e-01 6.172000001589457163e-01 7.116470588235294104e-01
1.093783942635853990e+00 8.267363724764655863e-01 6.132000001589457128e-01 7.040235294117647147e-01
1.122967675590515135e+00 8.428919621804181750e-01 6.126666668574015651e-01 7.016235294117647570e-01
1.104653585656483861e+00 8.161209091326769860e-01 6.170666669209797783e-01 7.102588235294117203e-01
1.089850453503926619e+00 7.988667548404020380e-01 6.111999998728434580e-01 7.170117647058823485e-01
1.083979753812154057e+00 7.978500547128565268e-01 6.257333332697549988e-01 7.153882352941176581e-01
1.101687079079945786e+00 8.155551678489236789e-01 6.174666665077209737e-01 7.112941176470588545e-01
1.095827120113372910e+00 8.227855137320125856e-01 6.191999998410542272e-01 7.082588235294117185e-01
1.094347593752543091e+00 8.111644253842971164e-01 6.205333331743876357e-01 7.099058823529411644e-01
1.086881246153513558e+00 8.022680928174187320e-01 6.181333335876464385e-01 7.142352941176470793e-01
1.102206927553812665e+00 8.048236678291769142e-01 6.178666664123535490e-01 7.104470588235294315e-01
1.124716470464070639e+00 8.335770349278169844e-01 6.120000001589457339e-01 6.988705882352941323e-01
1.143652244822184194e+00 8.450550620583926476e-01 6.149333333969115856e-01 7.059294117647059164e-01
1.082732199541727613e+00 7.797163215917699564e-01 6.240000002543131252e-01 7.207764705882352407e-01
1.090291663392384924e+00 7.786949903600356437e-01 6.193333330790201652e-01 7.242117647058823326e-01
1.106183196926116885e+00 7.918777121824376319e-01 6.170666665077209068e-01 7.170117647058823485e-01
1.100550756835937394e+00 7.825415829826803948e-01 6.190666664123535279e-01 7.215764705882352636e-01
1.106257248083750477e+00 7.932436110019683850e-01 6.161333330790201845e-01 7.179058823529411715e-01
